,avg,gen,max,min,nevals,std,goal,difference
0,4676.623,0,5842.0,3237.0,1000,425.36555205,2085.0,2605.0
1,4415.031,1,5678.0,3237.0,780,398.697822967,2085.0,2441.0
2,4217.646,2,5482.0,2973.0,756,372.360396235,2085.0,2509.0
3,4064.451,3,5333.0,2774.0,745,393.784991587,2085.0,2559.0
4,3931.878,4,5484.0,2774.0,780,406.375815122,2085.0,2710.0
5,3808.26,5,5491.0,2620.0,754,408.839717249,2085.0,2871.0
6,3700.929,6,5518.0,2542.0,759,430.532855841,2085.0,2976.0
7,3581.75,7,5298.0,2542.0,744,425.80259452,2085.0,2756.0
8,3509.192,8,5218.0,2542.0,767,422.511037887,2085.0,2676.0
9,3421.766,9,5085.0,2542.0,740,419.272335415,2085.0,2543.0
10,3396.954,10,5481.0,2426.0,769,435.092484288,2085.0,3055.0
11,3324.361,11,5262.0,2426.0,753,445.836591902,2085.0,2836.0
12,3254.483,12,5383.0,2500.0,756,447.636606759,2085.0,2883.0
13,3189.06,13,5263.0,2414.0,747,436.090546103,2085.0,2849.0
14,3170.172,14,5335.0,2377.0,788,472.197141474,2085.0,2958.0
15,3123.547,15,5190.0,2351.0,786,450.649772874,2085.0,2839.0
16,3136.316,16,5200.0,2339.0,792,465.019675007,2085.0,2861.0
17,3097.725,17,5223.0,2306.0,751,468.742028599,2085.0,2917.0
18,3073.637,18,5298.0,2297.0,756,484.19348739,2085.0,3001.0
19,3030.842,19,5238.0,2297.0,748,454.377641435,2085.0,2941.0
20,3008.393,20,5094.0,2299.0,742,475.05208404,2085.0,2795.0
21,2988.133,21,5131.0,2247.0,772,462.401549858,2085.0,2884.0
22,2973.099,22,5275.0,2247.0,738,467.656864805,2085.0,3028.0
23,2961.555,23,5244.0,2243.0,757,485.035748141,2085.0,3001.0
24,2931.78,24,5358.0,2240.0,727,486.169723039,2085.0,3118.0
25,2894.778,25,5099.0,2168.0,747,468.949183511,2085.0,2931.0
26,2889.685,26,5133.0,2168.0,728,492.475643839,2085.0,2965.0
27,2857.312,27,5239.0,2168.0,747,489.05477061,2085.0,3071.0
28,2858.844,28,5309.0,2154.0,778,487.86584392,2085.0,3155.0
29,2828.688,29,5613.0,2153.0,753,491.524691807,2085.0,3460.0
30,2804.613,30,5252.0,2146.0,772,476.266260857,2085.0,3106.0
31,2807.808,31,5217.0,2146.0,754,497.185680743,2085.0,3071.0
32,2774.381,32,5186.0,2146.0,755,469.552073618,2085.0,3040.0
33,2738.467,33,4697.0,2143.0,770,469.54962774,2085.0,2554.0
34,2731.049,34,4935.0,2143.0,773,492.216481438,2085.0,2792.0
35,2748.416,35,5278.0,2143.0,746,510.936838507,2085.0,3135.0
36,2722.735,36,5110.0,2143.0,764,490.847046212,2085.0,2967.0
37,2722.933,37,4904.0,2143.0,745,496.583651071,2085.0,2761.0
38,2726.933,38,4912.0,2143.0,747,511.7131213,2085.0,2769.0
39,2708.771,39,5119.0,2120.0,760,471.302816201,2085.0,2999.0
40,2707.276,40,4819.0,2154.0,770,481.671817552,2085.0,2665.0
