,avg,gen,max,min,nevals,std,goal,difference
0,4676.623,0,5842.0,3237.0,1000,425.36555205,2085.0,2605.0
1,4424.948,1,5633.0,3076.0,775,410.445152604,2085.0,2557.0
2,4261.467,2,5571.0,3076.0,762,393.500758463,2085.0,2495.0
3,4136.211,3,5656.0,2900.0,766,419.939515263,2085.0,2756.0
4,4016.346,4,5531.0,2592.0,724,418.570123497,2085.0,2939.0
5,3932.423,5,5779.0,2592.0,753,465.602742766,2085.0,3187.0
6,3843.514,6,5357.0,2708.0,773,475.512052217,2085.0,2649.0
7,3752.825,7,5473.0,2712.0,799,489.550606552,2085.0,2761.0
8,3684.759,8,5575.0,2740.0,744,517.518926146,2085.0,2835.0
9,3620.611,9,5269.0,2493.0,760,499.701492572,2085.0,2776.0
10,3566.947,10,5371.0,2493.0,757,506.601849771,2085.0,2878.0
11,3529.722,11,5632.0,2493.0,767,542.565478736,2085.0,3139.0
12,3474.295,12,5604.0,2493.0,751,513.505481933,2085.0,3111.0
13,3455.781,13,5454.0,2477.0,747,557.235611783,2085.0,2977.0
14,3400.833,14,5290.0,2490.0,769,553.29456812,2085.0,2800.0
15,3367.349,15,5340.0,2374.0,772,583.517649432,2085.0,2966.0
16,3306.688,16,5582.0,2336.0,741,582.991309246,2085.0,3246.0
17,3289.613,17,5521.0,2390.0,756,581.927472483,2085.0,3131.0
18,3256.234,18,5610.0,2370.0,751,588.791697669,2085.0,3240.0
19,3229.95,19,5496.0,2314.0,747,590.714895275,2085.0,3182.0
20,3210.135,20,5581.0,2314.0,779,615.275707935,2085.0,3267.0
21,3182.004,21,5643.0,2328.0,757,625.689152842,2085.0,3315.0
22,3172.387,22,5597.0,2232.0,797,645.735711596,2085.0,3365.0
23,3146.122,23,5444.0,2232.0,749,611.823588231,2085.0,3212.0
24,3082.74,24,5460.0,2232.0,755,597.349087553,2085.0,3228.0
25,3105.959,25,5574.0,2229.0,741,657.01058996,2085.0,3345.0
26,3059.156,26,5687.0,2229.0,748,622.315122477,2085.0,3458.0
27,3052.878,27,5621.0,2175.0,757,642.889758136,2085.0,3446.0
28,3051.499,28,5605.0,2175.0,782,641.097510523,2085.0,3430.0
29,3015.345,29,5662.0,2223.0,731,640.417526287,2085.0,3439.0
30,3048.457,30,5291.0,2158.0,771,660.400115196,2085.0,3133.0
31,3027.053,31,5696.0,2247.0,764,639.196351829,2085.0,3449.0
32,3054.235,32,5374.0,2175.0,754,655.365180472,2085.0,3199.0
33,3054.008,33,5567.0,2175.0,755,657.261363489,2085.0,3392.0
34,3026.671,34,5368.0,2188.0,759,640.995354709,2085.0,3180.0
35,3027.536,35,5547.0,2188.0,752,664.672580075,2085.0,3359.0
36,2985.321,36,5241.0,2175.0,750,656.268664465,2085.0,3066.0
37,2963.466,37,5119.0,2175.0,748,638.930028128,2085.0,2944.0
38,2977.396,38,5511.0,2189.0,779,634.399592673,2085.0,3322.0
39,3005.829,39,5575.0,2195.0,765,669.692453115,2085.0,3380.0
40,2988.847,40,5433.0,2195.0,783,677.252431218,2085.0,3238.0
