,avg,gen,max,min,nevals,std,goal,difference
0,4676.623,0,5842.0,3237.0,1000,425.36555205,2085.0,2605.0
1,4479.972,1,5712.0,3237.0,775,405.350898872,2085.0,2475.0
2,4398.733,2,5774.0,3140.0,762,433.470815293,2085.0,2634.0
3,4356.531,3,5685.0,3140.0,766,452.246646244,2085.0,2545.0
4,4277.321,4,5576.0,2990.0,724,480.958802767,2085.0,2586.0
5,4235.384,5,5504.0,2651.0,753,489.008665101,2085.0,2853.0
6,4238.956,6,5702.0,2651.0,773,507.879534992,2085.0,3051.0
7,4204.276,7,5698.0,2996.0,799,515.649464097,2085.0,2702.0
8,4192.606,8,5649.0,2832.0,744,541.889208939,2085.0,2817.0
9,4187.056,9,5720.0,2978.0,760,538.610916028,2085.0,2742.0
10,4144.699,10,5727.0,2701.0,757,540.428526633,2085.0,3026.0
11,4124.569,11,5698.0,2902.0,767,546.848621868,2085.0,2796.0
12,4099.365,12,5752.0,2531.0,751,533.955357474,2085.0,3221.0
13,4125.644,13,5755.0,2531.0,747,546.363537641,2085.0,3224.0
14,4140.449,14,5828.0,2531.0,769,558.536961533,2085.0,3297.0
15,4132.104,15,5636.0,2531.0,772,542.323144614,2085.0,3105.0
16,4084.658,16,5567.0,2531.0,741,543.668548875,2085.0,3036.0
17,4080.641,17,5548.0,2531.0,756,545.308912561,2085.0,3017.0
18,4078.041,18,5793.0,2531.0,751,567.513590427,2085.0,3262.0
19,4079.859,19,5600.0,2531.0,747,566.125271578,2085.0,3069.0
20,4053.362,20,5702.0,2531.0,779,552.847589265,2085.0,3171.0
21,4051.009,21,5556.0,2531.0,757,573.092173144,2085.0,3025.0
22,4061.314,22,5884.0,2476.0,797,584.376841947,2085.0,3408.0
23,4016.789,23,5741.0,2531.0,749,585.284580763,2085.0,3210.0
24,4008.417,24,5574.0,2751.0,755,596.450057516,2085.0,2823.0
25,3966.013,25,5848.0,2459.0,741,595.640964702,2085.0,3389.0
26,3962.47,26,5612.0,2459.0,748,604.403768271,2085.0,3153.0
27,3945.275,27,5835.0,2534.0,757,619.816077054,2085.0,3301.0
28,3909.413,28,5798.0,2578.0,782,617.199279351,2085.0,3220.0
29,3895.248,29,5515.0,2577.0,731,623.898165165,2085.0,2938.0
30,3889.068,30,5636.0,2694.0,771,640.729073303,2085.0,2942.0
31,3824.581,31,5769.0,2646.0,764,615.684275777,2085.0,3123.0
32,3795.084,32,5735.0,2655.0,754,632.55008572,2085.0,3080.0
33,3739.535,33,5586.0,2524.0,755,623.248276993,2085.0,3062.0
34,3697.608,34,5610.0,2572.0,759,637.249441221,2085.0,3038.0
35,3607.074,35,5957.0,2508.0,752,611.846520399,2085.0,3449.0
36,3505.796,36,5603.0,2458.0,750,605.551712395,2085.0,3145.0
37,3413.356,37,5725.0,2404.0,748,595.383593378,2085.0,3321.0
38,3380.338,38,5539.0,2336.0,779,618.821082185,2085.0,3203.0
39,3308.443,39,5492.0,2336.0,765,634.543092903,2085.0,3156.0
40,3248.316,40,5737.0,2333.0,783,605.915783046,2085.0,3404.0
