,avg,gen,max,min,nevals,std,goal,difference
0,4676.623,0,5842.0,3237.0,1000,425.36555205,2085.0,2605.0
1,4455.118,1,5712.0,3237.0,769,401.582681494,2085.0,2475.0
2,4317.531,2,5612.0,2953.0,726,424.721359292,2085.0,2659.0
3,4249.968,3,5649.0,3011.0,741,455.452762618,2085.0,2638.0
4,4171.316,4,5579.0,3045.0,753,465.709619982,2085.0,2534.0
5,4098.878,5,5658.0,2792.0,719,481.908990491,2085.0,2866.0
6,4075.185,6,5604.0,2792.0,747,496.328105969,2085.0,2812.0
7,4024.619,7,5486.0,2792.0,752,495.027447561,2085.0,2694.0
8,3998.971,8,5601.0,2913.0,761,521.571813041,2085.0,2688.0
9,4008.001,9,5647.0,2917.0,772,547.396414858,2085.0,2730.0
10,3939.806,10,5536.0,2893.0,764,552.496241041,2085.0,2643.0
11,3883.803,11,5791.0,2463.0,767,558.220060721,2085.0,3328.0
12,3875.004,12,5706.0,2501.0,775,560.647457841,2085.0,3205.0
13,3822.133,13,5510.0,2784.0,758,545.100467172,2085.0,2726.0
14,3832.734,14,5649.0,2645.0,766,573.492757796,2085.0,3004.0
15,3764.648,15,5733.0,2448.0,766,549.737813959,2085.0,3285.0
16,3750.898,16,5837.0,2448.0,761,578.861335378,2085.0,3389.0
17,3671.95,17,5481.0,2439.0,737,563.719369456,2085.0,3042.0
18,3677.006,18,5617.0,2463.0,733,593.24811164,2085.0,3154.0
19,3633.449,19,5512.0,2463.0,756,594.147095759,2085.0,3049.0
20,3577.94,20,5598.0,2444.0,777,600.27755447,2085.0,3154.0
21,3492.602,21,5588.0,2444.0,770,585.44643273,2085.0,3144.0
22,3421.192,22,5159.0,2444.0,752,567.896407046,2085.0,2715.0
23,3310.142,23,5459.0,2425.0,740,511.89642491,2085.0,3034.0
24,3256.337,24,5104.0,2435.0,770,514.779765949,2085.0,2669.0
25,3170.047,25,5319.0,2408.0,753,516.186746044,2085.0,2911.0
26,3095.214,26,5309.0,2245.0,778,470.204855573,2085.0,3064.0
27,2991.633,27,4814.0,2245.0,732,431.124701578,2085.0,2569.0
28,2975.441,28,5172.0,2245.0,755,454.137455534,2085.0,2927.0
29,2946.142,29,5016.0,2245.0,781,446.009853967,2085.0,2771.0
30,2881.437,30,4660.0,2196.0,765,422.813322911,2085.0,2464.0
31,2845.411,31,5075.0,2162.0,773,426.883532218,2085.0,2913.0
32,2755.859,32,4853.0,2162.0,763,396.035936651,2085.0,2691.0
33,2685.337,33,4629.0,2162.0,786,356.887922787,2085.0,2467.0
34,2638.582,34,4591.0,2129.0,746,399.720106169,2085.0,2462.0
35,2535.77,35,4562.0,2088.0,730,356.247884345,2085.0,2474.0
36,2432.208,36,4356.0,2085.0,776,320.913980275,2085.0,2271.0
37,2284.475,37,4196.0,2085.0,754,181.235458382,2085.0,2111.0
38,2201.194,38,3514.0,2085.0,765,96.7780365786,2085.0,1429.0
39,2153.01,39,2364.0,2085.0,735,39.3655674416,2085.0,279.0
40,2126.124,40,2369.0,2085.0,767,30.9430545357,2085.0,284.0
