,avg,gen,max,min,nevals,std,goal,difference
0,4676.623,0,5842.0,3237.0,1000,425.36555205,2085.0,2605.0
1,4458.322,1,5712.0,3289.0,777,402.350658401,2085.0,2423.0
2,4319.903,2,5741.0,3151.0,731,421.194042682,2085.0,2590.0
3,4239.426,3,5612.0,3037.0,733,456.203830019,2085.0,2575.0
4,4157.084,4,5678.0,2923.0,749,467.302519728,2085.0,2755.0
5,4106.692,5,5676.0,2837.0,726,482.83245866,2085.0,2839.0
6,4071.657,6,5622.0,2771.0,746,511.287802858,2085.0,2851.0
7,4017.199,7,5526.0,2791.0,745,509.521667252,2085.0,2735.0
8,3972.961,8,5440.0,2766.0,745,513.96300789,2085.0,2674.0
9,3990.61,9,5545.0,2814.0,773,551.541472511,2085.0,2731.0
10,3927.497,10,5375.0,2795.0,758,539.641138157,2085.0,2580.0
11,3882.691,11,5509.0,2641.0,744,541.698277198,2085.0,2868.0
12,3874.658,12,5805.0,2736.0,780,555.475708772,2085.0,3069.0
13,3832.416,13,5627.0,2534.0,752,560.467095327,2085.0,3093.0
14,3797.637,14,5530.0,2575.0,753,563.827870215,2085.0,2955.0
15,3767.491,15,5577.0,2575.0,767,571.040397799,2085.0,3002.0
16,3676.234,16,5563.0,2452.0,744,575.250802037,2085.0,3111.0
17,3587.856,17,5769.0,2452.0,723,560.223395856,2085.0,3317.0
18,3516.809,18,5503.0,2452.0,751,573.554709264,2085.0,3051.0
19,3389.585,19,5480.0,2452.0,731,529.291062436,2085.0,3028.0
20,3262.679,20,5515.0,2452.0,770,520.727130039,2085.0,3063.0
21,3051.611,21,5146.0,2379.0,757,425.995253118,2085.0,2767.0
22,2902.364,22,5188.0,2350.0,757,363.07746488,2085.0,2838.0
23,2776.907,23,5125.0,2312.0,752,292.149650609,2085.0,2813.0
24,2688.04,24,4614.0,2312.0,786,264.566238209,2085.0,2302.0
25,2591.07,25,4067.0,2270.0,759,242.617219298,2085.0,1797.0
26,2507.059,26,3864.0,2270.0,760,198.197995749,2085.0,1594.0
27,2449.364,27,3828.0,2240.0,743,175.105098452,2085.0,1588.0
28,2401.851,28,4284.0,2213.0,757,168.991120474,2085.0,2071.0
29,2366.329,29,3872.0,2203.0,781,162.937683668,2085.0,1669.0
30,2334.835,30,3875.0,2172.0,790,160.152520352,2085.0,1703.0
31,2302.879,31,4116.0,2161.0,778,148.822889231,2085.0,1955.0
32,2285.372,32,4453.0,2158.0,742,210.26586888,2085.0,2295.0
33,2252.675,33,4352.0,2158.0,751,198.858948441,2085.0,2194.0
34,2219.044,34,3517.0,2158.0,776,132.170761003,2085.0,1359.0
35,2214.071,35,4080.0,2158.0,747,167.6515373,2085.0,1922.0
36,2199.193,36,3914.0,2156.0,764,146.387157056,2085.0,1758.0
37,2199.124,37,4417.0,2156.0,766,180.15448544,2085.0,2261.0
38,2195.019,38,4337.0,2153.0,751,170.860248856,2085.0,2184.0
39,2188.834,39,4506.0,2153.0,752,170.573844548,2085.0,2353.0
40,2188.651,40,3860.0,2153.0,772,164.632697843,2085.0,1707.0
