,avg,gen,max,min,nevals,std,goal,difference
0,4676.623,0,5842.0,3237.0,1000,425.36555205,2085.0,2605.0
1,4461.72,1,5712.0,3055.0,780,410.38103465,2085.0,2657.0
2,4352.505,2,5705.0,2842.0,756,430.450468666,2085.0,2863.0
3,4293.843,3,5640.0,2842.0,745,466.897807182,2085.0,2798.0
4,4232.167,4,5636.0,2842.0,780,484.032789293,2085.0,2794.0
5,4189.704,5,5629.0,2758.0,754,509.959687018,2085.0,2871.0
6,4117.055,6,5575.0,2758.0,759,496.429745256,2085.0,2817.0
7,4077.214,7,5654.0,2758.0,744,519.659432902,2085.0,2896.0
8,4078.248,8,5644.0,2766.0,767,523.140281852,2085.0,2878.0
9,4058.827,9,5609.0,2789.0,740,534.605797828,2085.0,2820.0
10,4043.399,10,5725.0,2789.0,769,527.005022556,2085.0,2936.0
11,4036.699,11,5619.0,2561.0,753,564.761413695,2085.0,3058.0
12,3985.736,12,5614.0,2561.0,756,550.727944001,2085.0,3053.0
13,3966.738,13,5453.0,2561.0,747,563.638711726,2085.0,2892.0
14,3954.926,14,5588.0,2561.0,788,568.200380609,2085.0,3027.0
15,3929.753,15,5541.0,2561.0,786,574.354343582,2085.0,2980.0
16,3929.485,16,5584.0,2708.0,792,596.81323693,2085.0,2876.0
17,3828.218,17,5405.0,2693.0,751,575.873337181,2085.0,2712.0
18,3827.38,18,5599.0,2693.0,756,589.991923335,2085.0,2906.0
19,3795.007,19,5502.0,2641.0,748,599.310836671,2085.0,2861.0
20,3755.711,20,5478.0,2595.0,742,619.515201976,2085.0,2883.0
21,3698.252,21,5561.0,2595.0,772,578.697159571,2085.0,2966.0
22,3647.259,22,5588.0,2499.0,738,589.617391127,2085.0,3089.0
23,3644.498,23,5456.0,2581.0,757,607.373784416,2085.0,2875.0
24,3571.614,24,5389.0,2526.0,727,597.08812164,2085.0,2863.0
25,3504.102,25,5444.0,2526.0,747,574.729031454,2085.0,2918.0
26,3449.997,26,5264.0,2372.0,728,550.81717565,2085.0,2892.0
27,3363.229,27,5398.0,2372.0,747,553.211535092,2085.0,3026.0
28,3320.335,28,5363.0,2233.0,778,538.995509049,2085.0,3130.0
29,3255.642,29,5149.0,2233.0,753,544.960822295,2085.0,2916.0
30,3176.872,30,5207.0,2307.0,772,496.921460209,2085.0,2900.0
31,3131.808,31,5517.0,2307.0,754,527.833328936,2085.0,3210.0
32,3016.453,32,4975.0,2326.0,755,477.227310399,2085.0,2649.0
33,2923.626,33,5359.0,2197.0,770,470.374735848,2085.0,3162.0
34,2833.123,34,4855.0,2195.0,773,447.93424503,2085.0,2660.0
35,2771.818,35,5014.0,2195.0,746,467.282386653,2085.0,2819.0
36,2717.969,36,4933.0,2195.0,764,463.730915552,2085.0,2738.0
37,2657.488,37,5405.0,2154.0,745,438.168885084,2085.0,3251.0
38,2625.008,38,5068.0,2182.0,747,480.410672171,2085.0,2886.0
39,2558.836,39,5603.0,2153.0,760,461.700014191,2085.0,3450.0
40,2496.702,40,4839.0,2153.0,770,399.153337949,2085.0,2686.0
