,avg,gen,max,min,nevals,std,goal,difference
0,4676.623,0,5842.0,3237.0,1000,425.36555205,2085.0,2605.0
1,4397.461,1,5678.0,3076.0,777,384.448395079,2085.0,2602.0
2,4195.08,2,5369.0,2946.0,731,363.098534285,2085.0,2423.0
3,4054.712,3,5480.0,2958.0,733,377.186414199,2085.0,2522.0
4,3910.258,4,5232.0,2796.0,749,379.133556199,2085.0,2436.0
5,3748.967,5,4985.0,2758.0,726,367.440416817,2085.0,2227.0
6,3596.301,6,4710.0,2393.0,746,356.954210507,2085.0,2317.0
7,3456.736,7,4748.0,2393.0,745,349.798150801,2085.0,2355.0
8,3360.018,8,4796.0,2393.0,745,366.847360187,2085.0,2403.0
9,3262.294,9,4730.0,2393.0,773,362.869918241,2085.0,2337.0
10,3176.126,10,4639.0,2393.0,758,367.09892689,2085.0,2246.0
11,3091.67,11,4787.0,2339.0,744,353.885008301,2085.0,2448.0
12,3015.933,12,4330.0,2373.0,780,337.843648025,2085.0,1957.0
13,2959.523,13,4255.0,2325.0,752,344.494486851,2085.0,1930.0
14,2922.168,14,4368.0,2317.0,753,344.990098084,2085.0,2051.0
15,2869.729,15,4288.0,2279.0,767,333.96006282,2085.0,2009.0
16,2832.781,16,4400.0,2309.0,744,335.697535051,2085.0,2091.0
17,2767.594,17,4446.0,2178.0,723,341.38847837,2085.0,2268.0
18,2729.846,18,4004.0,2178.0,751,314.005611867,2085.0,1826.0
19,2687.762,19,4182.0,2178.0,731,315.260164556,2085.0,2004.0
20,2661.095,20,4312.0,2178.0,770,306.930070171,2085.0,2134.0
21,2661.29,21,4231.0,2178.0,757,328.295178003,2085.0,2053.0
22,2639.848,22,4239.0,2178.0,757,329.019213567,2085.0,2061.0
23,2607.758,23,4351.0,2164.0,752,316.716541147,2085.0,2187.0
24,2619.745,24,4240.0,2164.0,786,335.868105028,2085.0,2076.0
25,2600.162,25,4030.0,2159.0,759,335.134802365,2085.0,1871.0
26,2585.962,26,4204.0,2129.0,760,320.473388218,2085.0,2075.0
27,2573.396,27,4390.0,2129.0,743,349.497978798,2085.0,2261.0
28,2544.628,28,4111.0,2118.0,757,317.211742557,2085.0,1993.0
29,2520.218,29,3686.0,2118.0,781,309.35402127,2085.0,1568.0
30,2508.266,30,4170.0,2118.0,790,323.324591153,2085.0,2052.0
31,2500.68,31,3852.0,2118.0,778,312.355188207,2085.0,1734.0
32,2489.996,32,4108.0,2118.0,742,331.211530572,2085.0,1990.0
33,2455.804,33,4485.0,2118.0,751,328.09755498,2085.0,2367.0
34,2427.193,34,4044.0,2103.0,776,293.713642433,2085.0,1941.0
35,2420.504,35,4618.0,2103.0,747,318.829270902,2085.0,2515.0
36,2389.201,36,4151.0,2103.0,764,286.815694478,2085.0,2048.0
37,2390.392,37,4573.0,2085.0,766,305.830849222,2085.0,2488.0
38,2359.586,38,4067.0,2085.0,751,278.286759663,2085.0,1982.0
39,2352.347,39,4041.0,2085.0,752,290.019200383,2085.0,1956.0
40,2356.046,40,4331.0,2085.0,772,302.519271922,2085.0,2246.0
