,avg,gen,max,min,nevals,std,goal,difference
0,3549.135,0,4283.0,2653.0,1000,271.872475207,1272.0,1630.0
1,3379.666,1,4447.0,2526.0,731,253.43363716,1272.0,1921.0
2,3254.964,2,4077.0,2325.0,763,264.254045767,1272.0,1752.0
3,3178.11,3,4089.0,2485.0,731,275.364155075,1272.0,1604.0
4,3125.962,4,4075.0,2398.0,772,280.849174035,1272.0,1677.0
5,3057.739,5,4073.0,2367.0,772,291.562557402,1272.0,1706.0
6,3013.136,6,4247.0,2188.0,746,312.494274354,1272.0,2059.0
7,2957.645,7,4226.0,2241.0,790,312.374257862,1272.0,1985.0
8,2915.297,8,4068.0,2176.0,740,330.022957976,1272.0,1892.0
9,2866.706,9,3987.0,2170.0,768,317.823104201,1272.0,1817.0
10,2852.734,10,4057.0,2127.0,764,322.998447742,1272.0,1930.0
11,2816.281,11,3923.0,2097.0,744,330.934062978,1272.0,1826.0
12,2797.126,12,4066.0,2103.0,784,348.376293861,1272.0,1963.0
13,2746.391,13,4197.0,1970.0,774,355.65152062,1272.0,2227.0
14,2726.42,14,4058.0,1945.0,738,372.479674076,1272.0,2113.0
15,2686.364,15,4106.0,1975.0,736,364.545809884,1272.0,2131.0
16,2643.639,16,3966.0,1805.0,729,361.474619689,1272.0,2161.0
17,2609.112,17,4063.0,1943.0,729,389.538033388,1272.0,2120.0
18,2597.819,18,4204.0,1788.0,777,415.815942743,1272.0,2416.0
19,2564.211,19,3907.0,1788.0,753,414.333839409,1272.0,2119.0
20,2526.953,20,4052.0,1759.0,747,415.476228912,1272.0,2293.0
21,2474.024,21,3998.0,1759.0,726,401.556615465,1272.0,2239.0
22,2459.826,22,3940.0,1766.0,770,419.583049853,1272.0,2174.0
23,2425.415,23,3992.0,1761.0,746,416.623466424,1272.0,2231.0
24,2418.969,24,4004.0,1651.0,747,429.194622565,1272.0,2353.0
25,2404.385,25,3992.0,1651.0,778,417.356256422,1272.0,2341.0
26,2395.223,26,3895.0,1699.0,742,431.749565455,1272.0,2196.0
27,2409.719,27,4022.0,1752.0,794,451.886963785,1272.0,2270.0
28,2374.986,28,4023.0,1727.0,761,441.081053554,1272.0,2296.0
29,2368.898,29,4091.0,1722.0,750,451.871808809,1272.0,2369.0
30,2389.257,30,4131.0,1694.0,770,465.883042137,1272.0,2437.0
31,2337.05,31,3956.0,1560.0,730,443.30933613,1272.0,2396.0
32,2342.058,32,4173.0,1694.0,775,459.846220639,1272.0,2479.0
33,2326.33,33,3991.0,1690.0,763,467.283942694,1272.0,2301.0
34,2291.344,34,4173.0,1686.0,756,449.98569051,1272.0,2487.0
35,2283.596,35,4021.0,1572.0,777,466.637290392,1272.0,2449.0
36,2256.116,36,4012.0,1572.0,735,454.802784231,1272.0,2440.0
37,2238.128,37,4077.0,1572.0,743,470.743403157,1272.0,2505.0
38,2231.228,38,3934.0,1572.0,754,492.487809002,1272.0,2362.0
39,2248.139,39,4039.0,1464.0,791,519.0665041,1272.0,2575.0
40,2197.957,40,4320.0,1522.0,758,494.74207538,1272.0,2798.0
