,avg,gen,max,min,nevals,std,goal,difference
0,3549.135,0,4283.0,2653.0,1000,271.872475207,1272.0,1630.0
1,3404.295,1,4324.0,2592.0,753,266.477169707,1272.0,1732.0
2,3315.537,2,4126.0,2571.0,768,273.873800556,1272.0,1555.0
3,3271.851,3,4056.0,2392.0,789,298.553403596,1272.0,1664.0
4,3210.376,4,4226.0,2392.0,752,307.702854429,1272.0,1834.0
5,3162.208,5,4328.0,2250.0,746,318.162082493,1272.0,2078.0
6,3143.671,6,4158.0,2276.0,794,331.659486159,1272.0,1882.0
7,3100.477,7,4282.0,2227.0,728,349.685252007,1272.0,2055.0
8,3075.24,8,4203.0,2204.0,765,342.808180182,1272.0,1999.0
9,3060.413,9,4264.0,2198.0,756,359.562612671,1272.0,2066.0
10,3047.868,10,4097.0,2198.0,754,361.210474067,1272.0,1899.0
11,2995.688,11,3958.0,2125.0,741,358.932156063,1272.0,1833.0
12,2991.102,12,4037.0,2171.0,752,370.320919739,1272.0,1866.0
13,2981.002,13,4076.0,2171.0,755,376.128230788,1272.0,1905.0
14,2976.798,14,4065.0,2171.0,775,376.728346685,1272.0,1894.0
15,2943.216,15,4280.0,2115.0,727,384.69511739,1272.0,2165.0
16,2950.599,16,4176.0,2194.0,773,402.5295768,1272.0,1982.0
17,2943.512,17,4160.0,2171.0,809,388.516779375,1272.0,1989.0
18,2940.646,18,4346.0,2198.0,791,394.23174236,1272.0,2148.0
19,2919.928,19,4223.0,2104.0,754,391.90137639,1272.0,2119.0
20,2921.583,20,4081.0,2182.0,759,385.356690757,1272.0,1899.0
21,2904.811,21,4159.0,2167.0,782,396.895038113,1272.0,1992.0
22,2869.776,22,4012.0,2162.0,750,364.799594057,1272.0,1850.0
23,2896.301,23,4216.0,2123.0,787,397.34731709,1272.0,2093.0
24,2869.236,24,4016.0,2037.0,770,392.760976045,1272.0,1979.0
25,2898.01,25,4188.0,2135.0,781,395.173427624,1272.0,2053.0
26,2839.965,26,4240.0,2105.0,722,395.232872842,1272.0,2135.0
27,2857.897,27,4040.0,2105.0,795,384.178341908,1272.0,1935.0
28,2826.023,28,4201.0,2105.0,738,386.198967465,1272.0,2096.0
29,2804.714,29,4155.0,2037.0,746,383.288982628,1272.0,2118.0
30,2799.57,30,3981.0,2037.0,769,372.305306301,1272.0,1944.0
31,2789.79,31,4025.0,1901.0,759,393.729366317,1272.0,2124.0
32,2767.545,32,4324.0,1901.0,752,393.666127543,1272.0,2423.0
33,2734.659,33,4074.0,2068.0,748,375.134542157,1272.0,2006.0
34,2716.244,34,3893.0,1997.0,737,386.191898496,1272.0,1896.0
35,2697.932,35,4012.0,1958.0,749,396.702134322,1272.0,2054.0
36,2693.812,36,3909.0,1958.0,767,411.554126034,1272.0,1951.0
37,2671.456,37,3974.0,1941.0,791,396.212463287,1272.0,2033.0
38,2633.172,38,4061.0,1941.0,775,404.010473151,1272.0,2120.0
39,2600.701,39,4106.0,1855.0,783,374.022894485,1272.0,2251.0
40,2520.296,40,3880.0,1767.0,769,360.007625453,1272.0,2113.0
