,avg,gen,max,min,nevals,std,goal,difference
0,3549.135,0,4283.0,2653.0,1000,271.872475207,1272.0,1630.0
1,3372.107,1,4118.0,2634.0,743,251.957205793,1272.0,1484.0
2,3241.557,2,4115.0,2650.0,776,239.462353515,1272.0,1465.0
3,3148.351,3,4094.0,2380.0,781,255.996011295,1272.0,1714.0
4,3074.183,4,3956.0,2361.0,761,256.782292051,1272.0,1595.0
5,2991.853,5,3916.0,2210.0,779,263.541676763,1272.0,1706.0
6,2929.439,6,3996.0,2187.0,766,265.816843483,1272.0,1809.0
7,2859.63,7,4392.0,2187.0,766,262.985389518,1272.0,2205.0
8,2827.546,8,3971.0,2140.0,770,273.748968736,1272.0,1831.0
9,2784.83,9,3856.0,1946.0,765,278.140696591,1272.0,1910.0
10,2718.459,10,3670.0,2072.0,717,271.647293966,1272.0,1598.0
11,2682.817,11,4128.0,2060.0,765,275.351367367,1272.0,2068.0
12,2652.829,12,3838.0,2056.0,782,267.57811151,1272.0,1782.0
13,2644.595,13,3826.0,1981.0,814,295.30001181,1272.0,1845.0
14,2599.738,14,3798.0,1917.0,795,291.03702403,1272.0,1881.0
15,2538.708,15,4001.0,1912.0,731,289.586578998,1272.0,2089.0
16,2516.075,16,3789.0,1751.0,734,295.651875311,1272.0,2038.0
17,2496.824,17,3856.0,1920.0,766,301.129525328,1272.0,1936.0
18,2458.623,18,3525.0,1893.0,754,282.900439856,1272.0,1632.0
19,2449.776,19,4055.0,1906.0,781,298.384999328,1272.0,2149.0
20,2423.912,20,3627.0,1809.0,776,293.214996642,1272.0,1818.0
21,2396.858,21,3835.0,1801.0,751,298.00867074,1272.0,2034.0
22,2392.786,22,3606.0,1725.0,800,307.412638328,1272.0,1881.0
23,2371.807,23,3682.0,1725.0,773,308.414940869,1272.0,1957.0
24,2353.588,24,3808.0,1720.0,751,321.737850207,1272.0,2088.0
25,2343.871,25,3733.0,1720.0,773,317.855061874,1272.0,2013.0
26,2328.853,26,3612.0,1764.0,784,316.035186951,1272.0,1848.0
27,2314.147,27,3621.0,1752.0,786,302.742133492,1272.0,1869.0
28,2296.473,28,4037.0,1693.0,754,319.322231094,1272.0,2344.0
29,2277.992,29,3661.0,1676.0,765,327.79632386,1272.0,1985.0
30,2264.96,30,3560.0,1676.0,767,336.674870461,1272.0,1884.0
31,2244.631,31,3682.0,1668.0,740,353.02890652,1272.0,2014.0
32,2215.111,32,3468.0,1583.0,754,316.248027154,1272.0,1885.0
33,2195.087,33,3696.0,1535.0,763,331.02225519,1272.0,2161.0
34,2186.481,34,3664.0,1633.0,772,322.575544081,1272.0,2031.0
35,2168.303,35,3758.0,1564.0,767,334.616612246,1272.0,2194.0
36,2153.751,36,4003.0,1655.0,775,335.719548134,1272.0,2348.0
37,2157.864,37,3604.0,1606.0,760,336.860465926,1272.0,1998.0
38,2134.751,38,3570.0,1600.0,758,327.283493319,1272.0,1970.0
39,2113.389,39,3497.0,1535.0,759,311.159286667,1272.0,1962.0
40,2108.126,40,3543.0,1572.0,761,338.933023065,1272.0,1971.0
