,avg,gen,max,min,nevals,std,goal,difference
0,3549.135,0,4283.0,2653.0,1000,271.872475207,1272.0,1630.0
1,3359.889,1,4118.0,2526.0,738,243.730245721,1272.0,1592.0
2,3214.819,2,4060.0,2359.0,770,231.314470449,1272.0,1701.0
3,3093.638,3,3813.0,2232.0,796,237.149313632,1272.0,1581.0
4,3002.001,4,3777.0,2222.0,777,239.330150627,1272.0,1555.0
5,2911.777,5,3854.0,2128.0,766,242.085516442,1272.0,1726.0
6,2839.302,6,3696.0,1981.0,784,235.791379817,1272.0,1715.0
7,2769.3,7,3740.0,2074.0,767,239.695740471,1272.0,1666.0
8,2702.336,8,3544.0,2035.0,759,234.041451679,1272.0,1509.0
9,2635.886,9,3596.0,2035.0,758,230.468347076,1272.0,1561.0
10,2569.586,10,3517.0,2004.0,747,220.614461457,1272.0,1513.0
11,2509.83,11,3770.0,2004.0,746,226.224302629,1272.0,1766.0
12,2466.728,12,3576.0,1885.0,752,222.563644866,1272.0,1691.0
13,2416.014,13,3331.0,1811.0,748,222.202312778,1272.0,1520.0
14,2375.468,14,3364.0,1710.0,765,220.780793947,1272.0,1654.0
15,2341.224,15,3591.0,1710.0,721,231.320193291,1272.0,1881.0
16,2312.395,16,3192.0,1710.0,772,227.114981837,1272.0,1482.0
17,2290.744,17,3417.0,1651.0,790,224.854731914,1272.0,1766.0
18,2256.91,18,3258.0,1680.0,773,230.960433624,1272.0,1578.0
19,2213.848,19,3056.0,1680.0,753,216.531519405,1272.0,1376.0
20,2197.146,20,3242.0,1680.0,746,234.615644585,1272.0,1562.0
21,2156.343,21,3397.0,1699.0,757,228.537234058,1272.0,1698.0
22,2125.529,22,3532.0,1685.0,771,236.540468333,1272.0,1847.0
23,2090.028,23,3077.0,1612.0,766,221.357270529,1272.0,1465.0
24,2059.155,24,3108.0,1612.0,770,227.479166024,1272.0,1496.0
25,2033.024,25,2869.0,1572.0,755,222.318571928,1272.0,1297.0
26,2001.064,26,3085.0,1579.0,739,221.606556546,1272.0,1506.0
27,1971.292,27,2949.0,1545.0,775,224.938162027,1272.0,1404.0
28,1941.479,28,2767.0,1489.0,775,211.340316927,1272.0,1278.0
29,1914.436,29,3026.0,1489.0,752,218.510562454,1272.0,1537.0
30,1879.987,30,2857.0,1366.0,763,208.557538418,1272.0,1491.0
31,1855.992,31,2840.0,1366.0,762,203.040424389,1272.0,1474.0
32,1830.08,32,2766.0,1338.0,767,209.465838742,1272.0,1428.0
33,1790.284,33,2729.0,1338.0,763,197.844229999,1272.0,1391.0
34,1774.482,34,3607.0,1338.0,759,213.952545383,1272.0,2269.0
35,1747.106,35,3492.0,1338.0,754,217.265949389,1272.0,2154.0
36,1718.0,36,2700.0,1338.0,754,208.894145442,1272.0,1362.0
37,1682.111,37,2967.0,1301.0,778,197.485682213,1272.0,1666.0
38,1656.072,38,2833.0,1301.0,757,205.913206998,1272.0,1532.0
39,1629.256,39,2752.0,1301.0,765,206.297354476,1272.0,1451.0
40,1589.945,40,2526.0,1294.0,763,202.675548538,1272.0,1232.0
