,avg,gen,max,min,nevals,std,goal,difference
0,3549.135,0,4283.0,2653.0,1000,271.872475207,1272.0,1630.0
1,3409.245,1,4324.0,2592.0,746,268.44639125,1272.0,1732.0
2,3336.241,2,4182.0,2293.0,751,279.707749122,1272.0,1889.0
3,3297.702,3,4220.0,2293.0,772,302.70271422,1272.0,1927.0
4,3257.307,4,4248.0,2293.0,747,297.200320913,1272.0,1955.0
5,3240.086,5,4097.0,2123.0,797,306.163016388,1272.0,1974.0
6,3212.103,6,4210.0,2091.0,747,325.072737077,1272.0,2119.0
7,3187.982,7,4182.0,2123.0,757,324.957692132,1272.0,2059.0
8,3165.786,8,4324.0,2123.0,767,341.489130433,1272.0,2201.0
9,3171.204,9,4206.0,2123.0,771,338.085105238,1272.0,2083.0
10,3126.272,10,4324.0,2123.0,719,334.016098438,1272.0,2201.0
11,3120.251,11,4156.0,2123.0,761,349.270680131,1272.0,2033.0
12,3103.951,12,4168.0,2193.0,779,340.045921309,1272.0,1975.0
13,3123.331,13,4123.0,2193.0,789,357.339708735,1272.0,1930.0
14,3123.702,14,4122.0,2193.0,794,361.147215407,1272.0,1929.0
15,3116.743,15,4242.0,2193.0,757,367.738663933,1272.0,2049.0
16,3081.588,16,4055.0,2156.0,752,367.19663432,1272.0,1899.0
17,3074.397,17,4183.0,2193.0,777,351.990865494,1272.0,1990.0
18,3071.051,18,4156.0,2323.0,770,366.519489794,1272.0,1833.0
19,3065.931,19,4209.0,2323.0,741,372.357132655,1272.0,1886.0
20,3047.338,20,4136.0,2179.0,773,367.20218648,1272.0,1957.0
21,3046.695,21,4288.0,2179.0,717,371.903205115,1272.0,2109.0
22,3040.902,22,4049.0,2179.0,778,367.888497233,1272.0,1870.0
23,3048.564,23,4255.0,2159.0,763,373.938532254,1272.0,2096.0
24,3040.43,24,4070.0,2179.0,777,363.654741616,1272.0,1891.0
25,3038.263,25,4256.0,2104.0,751,375.468214142,1272.0,2152.0
26,3038.766,26,4236.0,2133.0,779,382.880186539,1272.0,2103.0
27,3001.765,27,4215.0,2133.0,781,382.618326502,1272.0,2082.0
28,3011.177,28,4126.0,2045.0,767,383.962463883,1272.0,2081.0
29,3002.132,29,4153.0,2025.0,765,389.408575376,1272.0,2128.0
30,3005.429,30,4215.0,2025.0,779,386.668448362,1272.0,2190.0
31,2978.637,31,4286.0,2123.0,766,373.53405632,1272.0,2163.0
32,2991.912,32,4187.0,2123.0,779,393.776982893,1272.0,2064.0
33,2979.968,33,4237.0,2091.0,743,392.623889971,1272.0,2146.0
34,2974.809,34,4188.0,2091.0,770,381.475549045,1272.0,2097.0
35,2974.581,35,4167.0,2091.0,772,385.933480588,1272.0,2076.0
36,2971.014,36,4115.0,2074.0,756,403.210336926,1272.0,2041.0
37,2947.475,37,4291.0,2074.0,770,383.089356906,1272.0,2217.0
38,2929.983,38,4300.0,2074.0,722,410.314975002,1272.0,2226.0
39,2913.275,39,4128.0,2074.0,757,402.401465424,1272.0,2054.0
40,2908.939,40,4176.0,2074.0,785,396.475582198,1272.0,2102.0
